{
 "cells": [
  {
   "cell_type": "code",
   "execution_count": 12,
   "metadata": {
    "collapsed": true
   },
   "outputs": [],
   "source": [
    "import numpy as np\n",
    "from scipy.spatial import distance\n",
    "import pandas as pd\n",
    "from sklearn import preprocessing"
   ]
  },
  {
   "cell_type": "markdown",
   "metadata": {},
   "source": [
    "# Input scaled data"
   ]
  },
  {
   "cell_type": "code",
   "execution_count": 13,
   "metadata": {},
   "outputs": [
    {
     "name": "stdout",
     "output_type": "stream",
     "text": [
      "          x         y         z\n",
      "0   0.62500  0.323529  1.000000\n",
      "1   0.84375  0.029412  0.571429\n",
      "2   0.87500  0.000000  0.228571\n",
      "3   0.68750  0.029412  0.857143\n",
      "4   0.93750  0.441176  0.857143\n",
      "5   0.62500  0.676471  0.085714\n",
      "6   0.81250  0.911765  0.028571\n",
      "7   0.00000  0.941176  0.114286\n",
      "8   0.37500  0.176471  0.600000\n",
      "9   0.68750  0.058824  0.657143\n",
      "10  0.46875  0.529412  0.114286\n",
      "11  1.00000  0.794118  0.000000\n",
      "12  0.71875  0.205882  0.000000\n",
      "13  0.31250  0.676471  0.771429\n",
      "14  0.75000  1.000000  0.742857\n"
     ]
    }
   ],
   "source": [
    "data = {\"x\": np.array([38.0, 45.0, 46.0, 40.0, 48.0, 38.0, 44.0, 18.0, 30.0, 40.0, 33.0, 50.0, 41.0, 28.0, 42.0]),\n",
    "        \"y\": np.array([27.0, 17.0, 16.0, 17.0, 31.0, 39.0, 47.0, 48.0, 22.0, 18.0, 34.0, 43.0, 23.0, 39.0, 50.0]),\n",
    "        \"z\": np.array([48.0, 33.0, 21.0, 43.0, 43.0, 16.0, 14.0, 17.0, 34.0, 36.0, 17.0, 13.0, 13.0, 40.0, 39.0])}\n",
    "\n",
    "data_frame = pd.DataFrame(data)\n",
    "\n",
    "scaler = preprocessing.MinMaxScaler()\n",
    "data_frame[:] = scaler.fit_transform(data_frame[:])\n",
    "print data_frame"
   ]
  },
  {
   "cell_type": "markdown",
   "metadata": {},
   "source": [
    "# Functions"
   ]
  },
  {
   "cell_type": "code",
   "execution_count": 14,
   "metadata": {
    "collapsed": true
   },
   "outputs": [],
   "source": [
    "def find_min(v, m):\n",
    "    v = list(v)\n",
    "    res = []\n",
    "    for i in range(3):\n",
    "        itm_ind = np.where(m == min(v))\n",
    "        res.append(itm_ind)\n",
    "        v.remove(min(v))\n",
    "    print res\n",
    "    \n",
    "def find_max(v, m):\n",
    "    v = list(v)\n",
    "    res = []\n",
    "    for i in range(3):\n",
    "        itm_ind = np.where(m == max(v))\n",
    "        res.append(itm_ind)\n",
    "        v.remove(max(v))\n",
    "    print res"
   ]
  },
  {
   "cell_type": "markdown",
   "metadata": {},
   "source": [
    "# Computing distances"
   ]
  },
  {
   "cell_type": "code",
   "execution_count": 26,
   "metadata": {},
   "outputs": [
    {
     "name": "stdout",
     "output_type": "stream",
     "text": [
      "Euclidean\n",
      "nearest\n",
      "[(array([1, 9]), array([9, 1])), (array([3, 9]), array([9, 3])), (array([ 5, 10]), array([10,  5]))]\n",
      "so far\n",
      "[(array([3, 7]), array([7, 3])), (array([1, 7]), array([7, 1])), (array([4, 7]), array([7, 4]))]\n"
     ]
    },
    {
     "data": {
      "text/html": [
       "<div>\n",
       "<style>\n",
       "    .dataframe thead tr:only-child th {\n",
       "        text-align: right;\n",
       "    }\n",
       "\n",
       "    .dataframe thead th {\n",
       "        text-align: left;\n",
       "    }\n",
       "\n",
       "    .dataframe tbody tr th {\n",
       "        vertical-align: top;\n",
       "    }\n",
       "</style>\n",
       "<table border=\"1\" class=\"dataframe\">\n",
       "  <thead>\n",
       "    <tr style=\"text-align: right;\">\n",
       "      <th></th>\n",
       "      <th>0</th>\n",
       "      <th>1</th>\n",
       "      <th>2</th>\n",
       "      <th>3</th>\n",
       "      <th>4</th>\n",
       "      <th>5</th>\n",
       "      <th>6</th>\n",
       "      <th>7</th>\n",
       "      <th>8</th>\n",
       "      <th>9</th>\n",
       "      <th>10</th>\n",
       "      <th>11</th>\n",
       "      <th>12</th>\n",
       "      <th>13</th>\n",
       "      <th>14</th>\n",
       "    </tr>\n",
       "  </thead>\n",
       "  <tbody>\n",
       "    <tr>\n",
       "      <th>0</th>\n",
       "      <td>0.000000</td>\n",
       "      <td>0.563942</td>\n",
       "      <td>0.873083</td>\n",
       "      <td>0.332896</td>\n",
       "      <td>0.363188</td>\n",
       "      <td>0.980044</td>\n",
       "      <td>1.151021</td>\n",
       "      <td>1.247639</td>\n",
       "      <td>0.494091</td>\n",
       "      <td>0.437637</td>\n",
       "      <td>0.922655</td>\n",
       "      <td>1.167081</td>\n",
       "      <td>1.011252</td>\n",
       "      <td>0.523898</td>\n",
       "      <td>0.734411</td>\n",
       "    </tr>\n",
       "    <tr>\n",
       "      <th>1</th>\n",
       "      <td>0.563942</td>\n",
       "      <td>0.000000</td>\n",
       "      <td>0.345532</td>\n",
       "      <td>0.325648</td>\n",
       "      <td>0.509874</td>\n",
       "      <td>0.838126</td>\n",
       "      <td>1.036444</td>\n",
       "      <td>1.323710</td>\n",
       "      <td>0.492107</td>\n",
       "      <td>0.180627</td>\n",
       "      <td>0.774341</td>\n",
       "      <td>0.967326</td>\n",
       "      <td>0.610981</td>\n",
       "      <td>0.860762</td>\n",
       "      <td>0.990060</td>\n",
       "    </tr>\n",
       "    <tr>\n",
       "      <th>2</th>\n",
       "      <td>0.873083</td>\n",
       "      <td>0.345532</td>\n",
       "      <td>0.000000</td>\n",
       "      <td>0.656600</td>\n",
       "      <td>0.770484</td>\n",
       "      <td>0.735201</td>\n",
       "      <td>0.935533</td>\n",
       "      <td>1.290155</td>\n",
       "      <td>0.647380</td>\n",
       "      <td>0.471476</td>\n",
       "      <td>0.677036</td>\n",
       "      <td>0.835759</td>\n",
       "      <td>0.345031</td>\n",
       "      <td>1.033786</td>\n",
       "      <td>1.131422</td>\n",
       "    </tr>\n",
       "    <tr>\n",
       "      <th>3</th>\n",
       "      <td>0.332896</td>\n",
       "      <td>0.325648</td>\n",
       "      <td>0.656600</td>\n",
       "      <td>0.000000</td>\n",
       "      <td>0.481716</td>\n",
       "      <td>1.008808</td>\n",
       "      <td>1.216841</td>\n",
       "      <td>1.362280</td>\n",
       "      <td>0.430587</td>\n",
       "      <td>0.202151</td>\n",
       "      <td>0.921785</td>\n",
       "      <td>1.190431</td>\n",
       "      <td>0.875678</td>\n",
       "      <td>0.752766</td>\n",
       "      <td>0.979290</td>\n",
       "    </tr>\n",
       "    <tr>\n",
       "      <th>4</th>\n",
       "      <td>0.363188</td>\n",
       "      <td>0.509874</td>\n",
       "      <td>0.770484</td>\n",
       "      <td>0.481716</td>\n",
       "      <td>0.000000</td>\n",
       "      <td>0.864940</td>\n",
       "      <td>0.961046</td>\n",
       "      <td>1.296435</td>\n",
       "      <td>0.672754</td>\n",
       "      <td>0.498692</td>\n",
       "      <td>0.882807</td>\n",
       "      <td>0.929068</td>\n",
       "      <td>0.915374</td>\n",
       "      <td>0.673302</td>\n",
       "      <td>0.600418</td>\n",
       "    </tr>\n",
       "    <tr>\n",
       "      <th>5</th>\n",
       "      <td>0.980044</td>\n",
       "      <td>0.838126</td>\n",
       "      <td>0.735201</td>\n",
       "      <td>1.008808</td>\n",
       "      <td>0.864940</td>\n",
       "      <td>0.000000</td>\n",
       "      <td>0.306243</td>\n",
       "      <td>0.679346</td>\n",
       "      <td>0.759598</td>\n",
       "      <td>0.843756</td>\n",
       "      <td>0.216464</td>\n",
       "      <td>0.402260</td>\n",
       "      <td>0.487431</td>\n",
       "      <td>0.753565</td>\n",
       "      <td>0.743057</td>\n",
       "    </tr>\n",
       "    <tr>\n",
       "      <th>6</th>\n",
       "      <td>1.151021</td>\n",
       "      <td>1.036444</td>\n",
       "      <td>0.935533</td>\n",
       "      <td>1.216841</td>\n",
       "      <td>0.961046</td>\n",
       "      <td>0.306243</td>\n",
       "      <td>0.000000</td>\n",
       "      <td>0.817538</td>\n",
       "      <td>1.028880</td>\n",
       "      <td>1.066881</td>\n",
       "      <td>0.521253</td>\n",
       "      <td>0.223189</td>\n",
       "      <td>0.712654</td>\n",
       "      <td>0.925851</td>\n",
       "      <td>0.722424</td>\n",
       "    </tr>\n",
       "    <tr>\n",
       "      <th>7</th>\n",
       "      <td>1.247639</td>\n",
       "      <td>1.323710</td>\n",
       "      <td>1.290155</td>\n",
       "      <td>1.362280</td>\n",
       "      <td>1.296435</td>\n",
       "      <td>0.679346</td>\n",
       "      <td>0.817538</td>\n",
       "      <td>0.000000</td>\n",
       "      <td>0.980468</td>\n",
       "      <td>1.243341</td>\n",
       "      <td>0.623920</td>\n",
       "      <td>1.017196</td>\n",
       "      <td>1.034563</td>\n",
       "      <td>0.774314</td>\n",
       "      <td>0.980338</td>\n",
       "    </tr>\n",
       "    <tr>\n",
       "      <th>8</th>\n",
       "      <td>0.494091</td>\n",
       "      <td>0.492107</td>\n",
       "      <td>0.647380</td>\n",
       "      <td>0.430587</td>\n",
       "      <td>0.672754</td>\n",
       "      <td>0.759598</td>\n",
       "      <td>1.028880</td>\n",
       "      <td>0.980468</td>\n",
       "      <td>0.000000</td>\n",
       "      <td>0.338766</td>\n",
       "      <td>0.607680</td>\n",
       "      <td>1.064008</td>\n",
       "      <td>0.692119</td>\n",
       "      <td>0.532254</td>\n",
       "      <td>0.916097</td>\n",
       "    </tr>\n",
       "    <tr>\n",
       "      <th>9</th>\n",
       "      <td>0.437637</td>\n",
       "      <td>0.180627</td>\n",
       "      <td>0.471476</td>\n",
       "      <td>0.202151</td>\n",
       "      <td>0.498692</td>\n",
       "      <td>0.843756</td>\n",
       "      <td>1.066881</td>\n",
       "      <td>1.243341</td>\n",
       "      <td>0.338766</td>\n",
       "      <td>0.000000</td>\n",
       "      <td>0.750998</td>\n",
       "      <td>1.034481</td>\n",
       "      <td>0.674121</td>\n",
       "      <td>0.731556</td>\n",
       "      <td>0.947136</td>\n",
       "    </tr>\n",
       "    <tr>\n",
       "      <th>10</th>\n",
       "      <td>0.922655</td>\n",
       "      <td>0.774341</td>\n",
       "      <td>0.677036</td>\n",
       "      <td>0.921785</td>\n",
       "      <td>0.882807</td>\n",
       "      <td>0.216464</td>\n",
       "      <td>0.521253</td>\n",
       "      <td>0.623920</td>\n",
       "      <td>0.607680</td>\n",
       "      <td>0.750998</td>\n",
       "      <td>0.000000</td>\n",
       "      <td>0.604448</td>\n",
       "      <td>0.424538</td>\n",
       "      <td>0.691287</td>\n",
       "      <td>0.834060</td>\n",
       "    </tr>\n",
       "    <tr>\n",
       "      <th>11</th>\n",
       "      <td>1.167081</td>\n",
       "      <td>0.967326</td>\n",
       "      <td>0.835759</td>\n",
       "      <td>1.190431</td>\n",
       "      <td>0.929068</td>\n",
       "      <td>0.402260</td>\n",
       "      <td>0.223189</td>\n",
       "      <td>1.017196</td>\n",
       "      <td>1.064008</td>\n",
       "      <td>1.034481</td>\n",
       "      <td>0.604448</td>\n",
       "      <td>0.000000</td>\n",
       "      <td>0.652014</td>\n",
       "      <td>1.040000</td>\n",
       "      <td>0.810385</td>\n",
       "    </tr>\n",
       "    <tr>\n",
       "      <th>12</th>\n",
       "      <td>1.011252</td>\n",
       "      <td>0.610981</td>\n",
       "      <td>0.345031</td>\n",
       "      <td>0.875678</td>\n",
       "      <td>0.915374</td>\n",
       "      <td>0.487431</td>\n",
       "      <td>0.712654</td>\n",
       "      <td>1.034563</td>\n",
       "      <td>0.692119</td>\n",
       "      <td>0.674121</td>\n",
       "      <td>0.424538</td>\n",
       "      <td>0.652014</td>\n",
       "      <td>0.000000</td>\n",
       "      <td>0.990754</td>\n",
       "      <td>1.087859</td>\n",
       "    </tr>\n",
       "    <tr>\n",
       "      <th>13</th>\n",
       "      <td>0.523898</td>\n",
       "      <td>0.860762</td>\n",
       "      <td>1.033786</td>\n",
       "      <td>0.752766</td>\n",
       "      <td>0.673302</td>\n",
       "      <td>0.753565</td>\n",
       "      <td>0.925851</td>\n",
       "      <td>0.774314</td>\n",
       "      <td>0.532254</td>\n",
       "      <td>0.731556</td>\n",
       "      <td>0.691287</td>\n",
       "      <td>1.040000</td>\n",
       "      <td>0.990754</td>\n",
       "      <td>0.000000</td>\n",
       "      <td>0.544880</td>\n",
       "    </tr>\n",
       "    <tr>\n",
       "      <th>14</th>\n",
       "      <td>0.734411</td>\n",
       "      <td>0.990060</td>\n",
       "      <td>1.131422</td>\n",
       "      <td>0.979290</td>\n",
       "      <td>0.600418</td>\n",
       "      <td>0.743057</td>\n",
       "      <td>0.722424</td>\n",
       "      <td>0.980338</td>\n",
       "      <td>0.916097</td>\n",
       "      <td>0.947136</td>\n",
       "      <td>0.834060</td>\n",
       "      <td>0.810385</td>\n",
       "      <td>1.087859</td>\n",
       "      <td>0.544880</td>\n",
       "      <td>0.000000</td>\n",
       "    </tr>\n",
       "  </tbody>\n",
       "</table>\n",
       "</div>"
      ],
      "text/plain": [
       "          0         1         2         3         4         5         6   \\\n",
       "0   0.000000  0.563942  0.873083  0.332896  0.363188  0.980044  1.151021   \n",
       "1   0.563942  0.000000  0.345532  0.325648  0.509874  0.838126  1.036444   \n",
       "2   0.873083  0.345532  0.000000  0.656600  0.770484  0.735201  0.935533   \n",
       "3   0.332896  0.325648  0.656600  0.000000  0.481716  1.008808  1.216841   \n",
       "4   0.363188  0.509874  0.770484  0.481716  0.000000  0.864940  0.961046   \n",
       "5   0.980044  0.838126  0.735201  1.008808  0.864940  0.000000  0.306243   \n",
       "6   1.151021  1.036444  0.935533  1.216841  0.961046  0.306243  0.000000   \n",
       "7   1.247639  1.323710  1.290155  1.362280  1.296435  0.679346  0.817538   \n",
       "8   0.494091  0.492107  0.647380  0.430587  0.672754  0.759598  1.028880   \n",
       "9   0.437637  0.180627  0.471476  0.202151  0.498692  0.843756  1.066881   \n",
       "10  0.922655  0.774341  0.677036  0.921785  0.882807  0.216464  0.521253   \n",
       "11  1.167081  0.967326  0.835759  1.190431  0.929068  0.402260  0.223189   \n",
       "12  1.011252  0.610981  0.345031  0.875678  0.915374  0.487431  0.712654   \n",
       "13  0.523898  0.860762  1.033786  0.752766  0.673302  0.753565  0.925851   \n",
       "14  0.734411  0.990060  1.131422  0.979290  0.600418  0.743057  0.722424   \n",
       "\n",
       "          7         8         9         10        11        12        13  \\\n",
       "0   1.247639  0.494091  0.437637  0.922655  1.167081  1.011252  0.523898   \n",
       "1   1.323710  0.492107  0.180627  0.774341  0.967326  0.610981  0.860762   \n",
       "2   1.290155  0.647380  0.471476  0.677036  0.835759  0.345031  1.033786   \n",
       "3   1.362280  0.430587  0.202151  0.921785  1.190431  0.875678  0.752766   \n",
       "4   1.296435  0.672754  0.498692  0.882807  0.929068  0.915374  0.673302   \n",
       "5   0.679346  0.759598  0.843756  0.216464  0.402260  0.487431  0.753565   \n",
       "6   0.817538  1.028880  1.066881  0.521253  0.223189  0.712654  0.925851   \n",
       "7   0.000000  0.980468  1.243341  0.623920  1.017196  1.034563  0.774314   \n",
       "8   0.980468  0.000000  0.338766  0.607680  1.064008  0.692119  0.532254   \n",
       "9   1.243341  0.338766  0.000000  0.750998  1.034481  0.674121  0.731556   \n",
       "10  0.623920  0.607680  0.750998  0.000000  0.604448  0.424538  0.691287   \n",
       "11  1.017196  1.064008  1.034481  0.604448  0.000000  0.652014  1.040000   \n",
       "12  1.034563  0.692119  0.674121  0.424538  0.652014  0.000000  0.990754   \n",
       "13  0.774314  0.532254  0.731556  0.691287  1.040000  0.990754  0.000000   \n",
       "14  0.980338  0.916097  0.947136  0.834060  0.810385  1.087859  0.544880   \n",
       "\n",
       "          14  \n",
       "0   0.734411  \n",
       "1   0.990060  \n",
       "2   1.131422  \n",
       "3   0.979290  \n",
       "4   0.600418  \n",
       "5   0.743057  \n",
       "6   0.722424  \n",
       "7   0.980338  \n",
       "8   0.916097  \n",
       "9   0.947136  \n",
       "10  0.834060  \n",
       "11  0.810385  \n",
       "12  1.087859  \n",
       "13  0.544880  \n",
       "14  0.000000  "
      ]
     },
     "execution_count": 26,
     "metadata": {},
     "output_type": "execute_result"
    }
   ],
   "source": [
    "#euclid\n",
    "print \"Euclidean\"\n",
    "\n",
    "dist = distance.pdist(data_frame[['x', 'y', 'z']], 'euclidean')\n",
    "df_dist = pd.DataFrame(distance.squareform(dist))\n",
    "\n",
    "print \"nearest\"\n",
    "find_min(dist, df_dist)\n",
    "\n",
    "print \"so far\"\n",
    "find_max(dist, df_dist)\n",
    "\n",
    "df_dist"
   ]
  },
  {
   "cell_type": "code",
   "execution_count": 25,
   "metadata": {},
   "outputs": [
    {
     "name": "stdout",
     "output_type": "stream",
     "text": [
      "sqrEuclidean\n",
      "nearest\n",
      "[(array([1, 9]), array([9, 1])), (array([3, 9]), array([9, 3])), (array([ 5, 10]), array([10,  5]))]\n",
      "so far\n",
      "[(array([3, 7]), array([7, 3])), (array([1, 7]), array([7, 1])), (array([4, 7]), array([7, 4]))]\n"
     ]
    },
    {
     "data": {
      "text/html": [
       "<div>\n",
       "<style>\n",
       "    .dataframe thead tr:only-child th {\n",
       "        text-align: right;\n",
       "    }\n",
       "\n",
       "    .dataframe thead th {\n",
       "        text-align: left;\n",
       "    }\n",
       "\n",
       "    .dataframe tbody tr th {\n",
       "        vertical-align: top;\n",
       "    }\n",
       "</style>\n",
       "<table border=\"1\" class=\"dataframe\">\n",
       "  <thead>\n",
       "    <tr style=\"text-align: right;\">\n",
       "      <th></th>\n",
       "      <th>0</th>\n",
       "      <th>1</th>\n",
       "      <th>2</th>\n",
       "      <th>3</th>\n",
       "      <th>4</th>\n",
       "      <th>5</th>\n",
       "      <th>6</th>\n",
       "      <th>7</th>\n",
       "      <th>8</th>\n",
       "      <th>9</th>\n",
       "      <th>10</th>\n",
       "      <th>11</th>\n",
       "      <th>12</th>\n",
       "      <th>13</th>\n",
       "      <th>14</th>\n",
       "    </tr>\n",
       "  </thead>\n",
       "  <tbody>\n",
       "    <tr>\n",
       "      <th>0</th>\n",
       "      <td>0.000000</td>\n",
       "      <td>0.318030</td>\n",
       "      <td>0.762273</td>\n",
       "      <td>0.110820</td>\n",
       "      <td>0.131905</td>\n",
       "      <td>0.960486</td>\n",
       "      <td>1.324850</td>\n",
       "      <td>1.556603</td>\n",
       "      <td>0.244126</td>\n",
       "      <td>0.191526</td>\n",
       "      <td>0.851291</td>\n",
       "      <td>1.362078</td>\n",
       "      <td>1.022630</td>\n",
       "      <td>0.274469</td>\n",
       "      <td>0.539360</td>\n",
       "    </tr>\n",
       "    <tr>\n",
       "      <th>1</th>\n",
       "      <td>0.318030</td>\n",
       "      <td>0.000000</td>\n",
       "      <td>0.119393</td>\n",
       "      <td>0.106047</td>\n",
       "      <td>0.259972</td>\n",
       "      <td>0.702455</td>\n",
       "      <td>1.074217</td>\n",
       "      <td>1.752209</td>\n",
       "      <td>0.242169</td>\n",
       "      <td>0.032626</td>\n",
       "      <td>0.599605</td>\n",
       "      <td>0.935720</td>\n",
       "      <td>0.373297</td>\n",
       "      <td>0.740912</td>\n",
       "      <td>0.980218</td>\n",
       "    </tr>\n",
       "    <tr>\n",
       "      <th>2</th>\n",
       "      <td>0.762273</td>\n",
       "      <td>0.119393</td>\n",
       "      <td>0.000000</td>\n",
       "      <td>0.431123</td>\n",
       "      <td>0.593645</td>\n",
       "      <td>0.540521</td>\n",
       "      <td>0.875221</td>\n",
       "      <td>1.664499</td>\n",
       "      <td>0.419101</td>\n",
       "      <td>0.222290</td>\n",
       "      <td>0.458377</td>\n",
       "      <td>0.698493</td>\n",
       "      <td>0.119047</td>\n",
       "      <td>1.068713</td>\n",
       "      <td>1.280115</td>\n",
       "    </tr>\n",
       "    <tr>\n",
       "      <th>3</th>\n",
       "      <td>0.110820</td>\n",
       "      <td>0.106047</td>\n",
       "      <td>0.431123</td>\n",
       "      <td>0.000000</td>\n",
       "      <td>0.232050</td>\n",
       "      <td>1.017693</td>\n",
       "      <td>1.480702</td>\n",
       "      <td>1.855808</td>\n",
       "      <td>0.185405</td>\n",
       "      <td>0.040865</td>\n",
       "      <td>0.849688</td>\n",
       "      <td>1.417125</td>\n",
       "      <td>0.766812</td>\n",
       "      <td>0.566657</td>\n",
       "      <td>0.959009</td>\n",
       "    </tr>\n",
       "    <tr>\n",
       "      <th>4</th>\n",
       "      <td>0.131905</td>\n",
       "      <td>0.259972</td>\n",
       "      <td>0.593645</td>\n",
       "      <td>0.232050</td>\n",
       "      <td>0.000000</td>\n",
       "      <td>0.748122</td>\n",
       "      <td>0.923609</td>\n",
       "      <td>1.680743</td>\n",
       "      <td>0.452598</td>\n",
       "      <td>0.248694</td>\n",
       "      <td>0.779349</td>\n",
       "      <td>0.863168</td>\n",
       "      <td>0.837909</td>\n",
       "      <td>0.453335</td>\n",
       "      <td>0.360501</td>\n",
       "    </tr>\n",
       "    <tr>\n",
       "      <th>5</th>\n",
       "      <td>0.960486</td>\n",
       "      <td>0.702455</td>\n",
       "      <td>0.540521</td>\n",
       "      <td>1.017693</td>\n",
       "      <td>0.748122</td>\n",
       "      <td>0.000000</td>\n",
       "      <td>0.093785</td>\n",
       "      <td>0.461511</td>\n",
       "      <td>0.576990</td>\n",
       "      <td>0.711925</td>\n",
       "      <td>0.046857</td>\n",
       "      <td>0.161813</td>\n",
       "      <td>0.237589</td>\n",
       "      <td>0.567860</td>\n",
       "      <td>0.552133</td>\n",
       "    </tr>\n",
       "    <tr>\n",
       "      <th>6</th>\n",
       "      <td>1.324850</td>\n",
       "      <td>1.074217</td>\n",
       "      <td>0.875221</td>\n",
       "      <td>1.480702</td>\n",
       "      <td>0.923609</td>\n",
       "      <td>0.093785</td>\n",
       "      <td>0.000000</td>\n",
       "      <td>0.668368</td>\n",
       "      <td>1.058594</td>\n",
       "      <td>1.138236</td>\n",
       "      <td>0.271705</td>\n",
       "      <td>0.049813</td>\n",
       "      <td>0.507875</td>\n",
       "      <td>0.857200</td>\n",
       "      <td>0.521896</td>\n",
       "    </tr>\n",
       "    <tr>\n",
       "      <th>7</th>\n",
       "      <td>1.556603</td>\n",
       "      <td>1.752209</td>\n",
       "      <td>1.664499</td>\n",
       "      <td>1.855808</td>\n",
       "      <td>1.680743</td>\n",
       "      <td>0.461511</td>\n",
       "      <td>0.668368</td>\n",
       "      <td>0.000000</td>\n",
       "      <td>0.961318</td>\n",
       "      <td>1.545897</td>\n",
       "      <td>0.389277</td>\n",
       "      <td>1.034688</td>\n",
       "      <td>1.070320</td>\n",
       "      <td>0.599562</td>\n",
       "      <td>0.961062</td>\n",
       "    </tr>\n",
       "    <tr>\n",
       "      <th>8</th>\n",
       "      <td>0.244126</td>\n",
       "      <td>0.242169</td>\n",
       "      <td>0.419101</td>\n",
       "      <td>0.185405</td>\n",
       "      <td>0.452598</td>\n",
       "      <td>0.576990</td>\n",
       "      <td>1.058594</td>\n",
       "      <td>0.961318</td>\n",
       "      <td>0.000000</td>\n",
       "      <td>0.114762</td>\n",
       "      <td>0.369275</td>\n",
       "      <td>1.132113</td>\n",
       "      <td>0.479029</td>\n",
       "      <td>0.283294</td>\n",
       "      <td>0.839234</td>\n",
       "    </tr>\n",
       "    <tr>\n",
       "      <th>9</th>\n",
       "      <td>0.191526</td>\n",
       "      <td>0.032626</td>\n",
       "      <td>0.222290</td>\n",
       "      <td>0.040865</td>\n",
       "      <td>0.248694</td>\n",
       "      <td>0.711925</td>\n",
       "      <td>1.138236</td>\n",
       "      <td>1.545897</td>\n",
       "      <td>0.114762</td>\n",
       "      <td>0.000000</td>\n",
       "      <td>0.563999</td>\n",
       "      <td>1.070150</td>\n",
       "      <td>0.454440</td>\n",
       "      <td>0.535174</td>\n",
       "      <td>0.897066</td>\n",
       "    </tr>\n",
       "    <tr>\n",
       "      <th>10</th>\n",
       "      <td>0.851291</td>\n",
       "      <td>0.599605</td>\n",
       "      <td>0.458377</td>\n",
       "      <td>0.849688</td>\n",
       "      <td>0.779349</td>\n",
       "      <td>0.046857</td>\n",
       "      <td>0.271705</td>\n",
       "      <td>0.389277</td>\n",
       "      <td>0.369275</td>\n",
       "      <td>0.563999</td>\n",
       "      <td>0.000000</td>\n",
       "      <td>0.365357</td>\n",
       "      <td>0.180233</td>\n",
       "      <td>0.477877</td>\n",
       "      <td>0.695657</td>\n",
       "    </tr>\n",
       "    <tr>\n",
       "      <th>11</th>\n",
       "      <td>1.362078</td>\n",
       "      <td>0.935720</td>\n",
       "      <td>0.698493</td>\n",
       "      <td>1.417125</td>\n",
       "      <td>0.863168</td>\n",
       "      <td>0.161813</td>\n",
       "      <td>0.049813</td>\n",
       "      <td>1.034688</td>\n",
       "      <td>1.132113</td>\n",
       "      <td>1.070150</td>\n",
       "      <td>0.365357</td>\n",
       "      <td>0.000000</td>\n",
       "      <td>0.425122</td>\n",
       "      <td>1.081599</td>\n",
       "      <td>0.656724</td>\n",
       "    </tr>\n",
       "    <tr>\n",
       "      <th>12</th>\n",
       "      <td>1.022630</td>\n",
       "      <td>0.373297</td>\n",
       "      <td>0.119047</td>\n",
       "      <td>0.766812</td>\n",
       "      <td>0.837909</td>\n",
       "      <td>0.237589</td>\n",
       "      <td>0.507875</td>\n",
       "      <td>1.070320</td>\n",
       "      <td>0.479029</td>\n",
       "      <td>0.454440</td>\n",
       "      <td>0.180233</td>\n",
       "      <td>0.425122</td>\n",
       "      <td>0.000000</td>\n",
       "      <td>0.981594</td>\n",
       "      <td>1.183436</td>\n",
       "    </tr>\n",
       "    <tr>\n",
       "      <th>13</th>\n",
       "      <td>0.274469</td>\n",
       "      <td>0.740912</td>\n",
       "      <td>1.068713</td>\n",
       "      <td>0.566657</td>\n",
       "      <td>0.453335</td>\n",
       "      <td>0.567860</td>\n",
       "      <td>0.857200</td>\n",
       "      <td>0.599562</td>\n",
       "      <td>0.283294</td>\n",
       "      <td>0.535174</td>\n",
       "      <td>0.477877</td>\n",
       "      <td>1.081599</td>\n",
       "      <td>0.981594</td>\n",
       "      <td>0.000000</td>\n",
       "      <td>0.296894</td>\n",
       "    </tr>\n",
       "    <tr>\n",
       "      <th>14</th>\n",
       "      <td>0.539360</td>\n",
       "      <td>0.980218</td>\n",
       "      <td>1.280115</td>\n",
       "      <td>0.959009</td>\n",
       "      <td>0.360501</td>\n",
       "      <td>0.552133</td>\n",
       "      <td>0.521896</td>\n",
       "      <td>0.961062</td>\n",
       "      <td>0.839234</td>\n",
       "      <td>0.897066</td>\n",
       "      <td>0.695657</td>\n",
       "      <td>0.656724</td>\n",
       "      <td>1.183436</td>\n",
       "      <td>0.296894</td>\n",
       "      <td>0.000000</td>\n",
       "    </tr>\n",
       "  </tbody>\n",
       "</table>\n",
       "</div>"
      ],
      "text/plain": [
       "          0         1         2         3         4         5         6   \\\n",
       "0   0.000000  0.318030  0.762273  0.110820  0.131905  0.960486  1.324850   \n",
       "1   0.318030  0.000000  0.119393  0.106047  0.259972  0.702455  1.074217   \n",
       "2   0.762273  0.119393  0.000000  0.431123  0.593645  0.540521  0.875221   \n",
       "3   0.110820  0.106047  0.431123  0.000000  0.232050  1.017693  1.480702   \n",
       "4   0.131905  0.259972  0.593645  0.232050  0.000000  0.748122  0.923609   \n",
       "5   0.960486  0.702455  0.540521  1.017693  0.748122  0.000000  0.093785   \n",
       "6   1.324850  1.074217  0.875221  1.480702  0.923609  0.093785  0.000000   \n",
       "7   1.556603  1.752209  1.664499  1.855808  1.680743  0.461511  0.668368   \n",
       "8   0.244126  0.242169  0.419101  0.185405  0.452598  0.576990  1.058594   \n",
       "9   0.191526  0.032626  0.222290  0.040865  0.248694  0.711925  1.138236   \n",
       "10  0.851291  0.599605  0.458377  0.849688  0.779349  0.046857  0.271705   \n",
       "11  1.362078  0.935720  0.698493  1.417125  0.863168  0.161813  0.049813   \n",
       "12  1.022630  0.373297  0.119047  0.766812  0.837909  0.237589  0.507875   \n",
       "13  0.274469  0.740912  1.068713  0.566657  0.453335  0.567860  0.857200   \n",
       "14  0.539360  0.980218  1.280115  0.959009  0.360501  0.552133  0.521896   \n",
       "\n",
       "          7         8         9         10        11        12        13  \\\n",
       "0   1.556603  0.244126  0.191526  0.851291  1.362078  1.022630  0.274469   \n",
       "1   1.752209  0.242169  0.032626  0.599605  0.935720  0.373297  0.740912   \n",
       "2   1.664499  0.419101  0.222290  0.458377  0.698493  0.119047  1.068713   \n",
       "3   1.855808  0.185405  0.040865  0.849688  1.417125  0.766812  0.566657   \n",
       "4   1.680743  0.452598  0.248694  0.779349  0.863168  0.837909  0.453335   \n",
       "5   0.461511  0.576990  0.711925  0.046857  0.161813  0.237589  0.567860   \n",
       "6   0.668368  1.058594  1.138236  0.271705  0.049813  0.507875  0.857200   \n",
       "7   0.000000  0.961318  1.545897  0.389277  1.034688  1.070320  0.599562   \n",
       "8   0.961318  0.000000  0.114762  0.369275  1.132113  0.479029  0.283294   \n",
       "9   1.545897  0.114762  0.000000  0.563999  1.070150  0.454440  0.535174   \n",
       "10  0.389277  0.369275  0.563999  0.000000  0.365357  0.180233  0.477877   \n",
       "11  1.034688  1.132113  1.070150  0.365357  0.000000  0.425122  1.081599   \n",
       "12  1.070320  0.479029  0.454440  0.180233  0.425122  0.000000  0.981594   \n",
       "13  0.599562  0.283294  0.535174  0.477877  1.081599  0.981594  0.000000   \n",
       "14  0.961062  0.839234  0.897066  0.695657  0.656724  1.183436  0.296894   \n",
       "\n",
       "          14  \n",
       "0   0.539360  \n",
       "1   0.980218  \n",
       "2   1.280115  \n",
       "3   0.959009  \n",
       "4   0.360501  \n",
       "5   0.552133  \n",
       "6   0.521896  \n",
       "7   0.961062  \n",
       "8   0.839234  \n",
       "9   0.897066  \n",
       "10  0.695657  \n",
       "11  0.656724  \n",
       "12  1.183436  \n",
       "13  0.296894  \n",
       "14  0.000000  "
      ]
     },
     "execution_count": 25,
     "metadata": {},
     "output_type": "execute_result"
    }
   ],
   "source": [
    "#euclid^2\n",
    "print \"sqrEuclidean\"\n",
    "\n",
    "dist_sq = distance.pdist(data_frame[['x', 'y', 'z']], 'sqeuclidean')\n",
    "df_dist_sq = pd.DataFrame(distance.squareform(dist_sq))\n",
    "\n",
    "print \"nearest\"\n",
    "find_min(dist_sq, df_dist_sq)\n",
    "\n",
    "print \"so far\"\n",
    "find_max(dist_sq, df_dist_sq)\n",
    "\n",
    "df_dist_sq"
   ]
  },
  {
   "cell_type": "code",
   "execution_count": 24,
   "metadata": {
    "scrolled": false
   },
   "outputs": [
    {
     "name": "stdout",
     "output_type": "stream",
     "text": [
      "cityblock\n",
      "nearest\n",
      "[(array([3, 9]), array([9, 3])), (array([1, 9]), array([9, 1])), (array([ 5, 10]), array([10,  5]))]\n",
      "0.229411764706\n",
      "so far\n",
      "[(array([3, 7]), array([7, 3])), (array([1, 7]), array([7, 1])), (array([4, 7]), array([7, 4]))]\n"
     ]
    },
    {
     "data": {
      "text/html": [
       "<div>\n",
       "<style>\n",
       "    .dataframe thead tr:only-child th {\n",
       "        text-align: right;\n",
       "    }\n",
       "\n",
       "    .dataframe thead th {\n",
       "        text-align: left;\n",
       "    }\n",
       "\n",
       "    .dataframe tbody tr th {\n",
       "        vertical-align: top;\n",
       "    }\n",
       "</style>\n",
       "<table border=\"1\" class=\"dataframe\">\n",
       "  <thead>\n",
       "    <tr style=\"text-align: right;\">\n",
       "      <th></th>\n",
       "      <th>0</th>\n",
       "      <th>1</th>\n",
       "      <th>2</th>\n",
       "      <th>3</th>\n",
       "      <th>4</th>\n",
       "      <th>5</th>\n",
       "      <th>6</th>\n",
       "      <th>7</th>\n",
       "      <th>8</th>\n",
       "      <th>9</th>\n",
       "      <th>10</th>\n",
       "      <th>11</th>\n",
       "      <th>12</th>\n",
       "      <th>13</th>\n",
       "      <th>14</th>\n",
       "    </tr>\n",
       "  </thead>\n",
       "  <tbody>\n",
       "    <tr>\n",
       "      <th>0</th>\n",
       "      <td>0.000000</td>\n",
       "      <td>0.941439</td>\n",
       "      <td>1.344958</td>\n",
       "      <td>0.499475</td>\n",
       "      <td>0.573004</td>\n",
       "      <td>1.267227</td>\n",
       "      <td>1.747164</td>\n",
       "      <td>2.128361</td>\n",
       "      <td>0.797059</td>\n",
       "      <td>0.670063</td>\n",
       "      <td>1.247847</td>\n",
       "      <td>1.845588</td>\n",
       "      <td>1.211397</td>\n",
       "      <td>0.894013</td>\n",
       "      <td>1.058613</td>\n",
       "    </tr>\n",
       "    <tr>\n",
       "      <th>1</th>\n",
       "      <td>0.941439</td>\n",
       "      <td>0.000000</td>\n",
       "      <td>0.403519</td>\n",
       "      <td>0.441964</td>\n",
       "      <td>0.791229</td>\n",
       "      <td>1.351523</td>\n",
       "      <td>1.456460</td>\n",
       "      <td>2.212658</td>\n",
       "      <td>0.644380</td>\n",
       "      <td>0.271376</td>\n",
       "      <td>1.332143</td>\n",
       "      <td>1.492384</td>\n",
       "      <td>0.872899</td>\n",
       "      <td>1.378309</td>\n",
       "      <td>1.235767</td>\n",
       "    </tr>\n",
       "    <tr>\n",
       "      <th>2</th>\n",
       "      <td>1.344958</td>\n",
       "      <td>0.403519</td>\n",
       "      <td>0.000000</td>\n",
       "      <td>0.845483</td>\n",
       "      <td>1.132248</td>\n",
       "      <td>1.069328</td>\n",
       "      <td>1.174265</td>\n",
       "      <td>1.930462</td>\n",
       "      <td>1.047899</td>\n",
       "      <td>0.674895</td>\n",
       "      <td>1.049947</td>\n",
       "      <td>1.147689</td>\n",
       "      <td>0.590704</td>\n",
       "      <td>1.781828</td>\n",
       "      <td>1.639286</td>\n",
       "    </tr>\n",
       "    <tr>\n",
       "      <th>3</th>\n",
       "      <td>0.499475</td>\n",
       "      <td>0.441964</td>\n",
       "      <td>0.845483</td>\n",
       "      <td>0.000000</td>\n",
       "      <td>0.661765</td>\n",
       "      <td>1.480987</td>\n",
       "      <td>1.835924</td>\n",
       "      <td>2.342122</td>\n",
       "      <td>0.716702</td>\n",
       "      <td>0.229412</td>\n",
       "      <td>1.461607</td>\n",
       "      <td>1.934349</td>\n",
       "      <td>1.064863</td>\n",
       "      <td>1.107773</td>\n",
       "      <td>1.147374</td>\n",
       "    </tr>\n",
       "    <tr>\n",
       "      <th>4</th>\n",
       "      <td>0.573004</td>\n",
       "      <td>0.791229</td>\n",
       "      <td>1.132248</td>\n",
       "      <td>0.661765</td>\n",
       "      <td>0.000000</td>\n",
       "      <td>1.319223</td>\n",
       "      <td>1.424160</td>\n",
       "      <td>2.180357</td>\n",
       "      <td>1.084349</td>\n",
       "      <td>0.832353</td>\n",
       "      <td>1.299842</td>\n",
       "      <td>1.272584</td>\n",
       "      <td>1.311187</td>\n",
       "      <td>0.946008</td>\n",
       "      <td>0.860609</td>\n",
       "    </tr>\n",
       "    <tr>\n",
       "      <th>5</th>\n",
       "      <td>1.267227</td>\n",
       "      <td>1.351523</td>\n",
       "      <td>1.069328</td>\n",
       "      <td>1.480987</td>\n",
       "      <td>1.319223</td>\n",
       "      <td>0.000000</td>\n",
       "      <td>0.479937</td>\n",
       "      <td>0.918277</td>\n",
       "      <td>1.264286</td>\n",
       "      <td>1.251576</td>\n",
       "      <td>0.331880</td>\n",
       "      <td>0.578361</td>\n",
       "      <td>0.650053</td>\n",
       "      <td>0.998214</td>\n",
       "      <td>1.105672</td>\n",
       "    </tr>\n",
       "    <tr>\n",
       "      <th>6</th>\n",
       "      <td>1.747164</td>\n",
       "      <td>1.456460</td>\n",
       "      <td>1.174265</td>\n",
       "      <td>1.835924</td>\n",
       "      <td>1.424160</td>\n",
       "      <td>0.479937</td>\n",
       "      <td>0.000000</td>\n",
       "      <td>0.927626</td>\n",
       "      <td>1.744223</td>\n",
       "      <td>1.606513</td>\n",
       "      <td>0.811817</td>\n",
       "      <td>0.333718</td>\n",
       "      <td>0.828204</td>\n",
       "      <td>1.478151</td>\n",
       "      <td>0.865021</td>\n",
       "    </tr>\n",
       "    <tr>\n",
       "      <th>7</th>\n",
       "      <td>2.128361</td>\n",
       "      <td>2.212658</td>\n",
       "      <td>1.930462</td>\n",
       "      <td>2.342122</td>\n",
       "      <td>2.180357</td>\n",
       "      <td>0.918277</td>\n",
       "      <td>0.927626</td>\n",
       "      <td>0.000000</td>\n",
       "      <td>1.625420</td>\n",
       "      <td>2.112710</td>\n",
       "      <td>0.880515</td>\n",
       "      <td>1.261345</td>\n",
       "      <td>1.568330</td>\n",
       "      <td>1.234349</td>\n",
       "      <td>1.437395</td>\n",
       "    </tr>\n",
       "    <tr>\n",
       "      <th>8</th>\n",
       "      <td>0.797059</td>\n",
       "      <td>0.644380</td>\n",
       "      <td>1.047899</td>\n",
       "      <td>0.716702</td>\n",
       "      <td>1.084349</td>\n",
       "      <td>1.264286</td>\n",
       "      <td>1.744223</td>\n",
       "      <td>1.625420</td>\n",
       "      <td>0.000000</td>\n",
       "      <td>0.487290</td>\n",
       "      <td>0.932405</td>\n",
       "      <td>1.842647</td>\n",
       "      <td>0.973162</td>\n",
       "      <td>0.733929</td>\n",
       "      <td>1.341387</td>\n",
       "    </tr>\n",
       "    <tr>\n",
       "      <th>9</th>\n",
       "      <td>0.670063</td>\n",
       "      <td>0.271376</td>\n",
       "      <td>0.674895</td>\n",
       "      <td>0.229412</td>\n",
       "      <td>0.832353</td>\n",
       "      <td>1.251576</td>\n",
       "      <td>1.606513</td>\n",
       "      <td>2.112710</td>\n",
       "      <td>0.487290</td>\n",
       "      <td>0.000000</td>\n",
       "      <td>1.232195</td>\n",
       "      <td>1.704937</td>\n",
       "      <td>0.835452</td>\n",
       "      <td>1.106933</td>\n",
       "      <td>1.089391</td>\n",
       "    </tr>\n",
       "    <tr>\n",
       "      <th>10</th>\n",
       "      <td>1.247847</td>\n",
       "      <td>1.332143</td>\n",
       "      <td>1.049947</td>\n",
       "      <td>1.461607</td>\n",
       "      <td>1.299842</td>\n",
       "      <td>0.331880</td>\n",
       "      <td>0.811817</td>\n",
       "      <td>0.880515</td>\n",
